data/rivernetwork/ddm30_watch_2009/mask30min/38801.xmask
ncols	20
nrows	25
xllcorner	-115.5
yllcorner	31.0
cellsize	0.500
NODATA_value	-1
-1 -1 -1 -1 -1 -1 -1 -1 -1 -1 -1 40495 -1 -1 -1 -1 -1 -1 -1 -1
-1 -1 -1 -1 -1 -1 -1 -1 -1 -1 55596 68976 55596 -1 -1 -1 -1 -1 -1 -1
-1 -1 -1 -1 -1 -1 -1 -1 -1 -1 69170 41154 69170 -1 -1 -1 -1 -1 -1 -1
-1 -1 -1 -1 -1 -1 -1 -1 -1 55596 69364 41478 69364 55596 -1 -1 -1 -1 -1 -1
-1 -1 -1 -1 -1 -1 -1 -1 -1 69556 41800 41800 55596 41800 41800 69556 55596 -1 -1 -1
-1 -1 -1 -1 -1 -1 -1 -1 -1 -1 42118 55596 55596 69748 55596 55596 69748 69748 -1 -1
-1 -1 -1 -1 -1 -1 -1 -1 55596 55596 55596 42433 55596 69939 55596 69939 55596 55596 69939 55596
-1 -1 -1 -1 -1 -1 -1 -1 -1 70128 55596 70128 70128 42745 42745 70128 55596 55596 55596 -1
-1 -1 -1 -1 -1 -1 -1 -1 55596 70317 43054 43054 43054 70317 55596 55596 43054 70317 -1 -1
-1 -1 -1 -1 -1 -1 -1 -1 70504 55596 70504 55596 70504 43359 70504 55596 43359 70504 -1 -1
-1 -1 43661 -1 -1 -1 -1 55596 55596 55596 43661 70690 55596 43661 55596 43661 70690 55596 -1 -1
-1 -1 70875 -1 -1 -1 -1 55596 70875 43960 70875 43960 43960 43960 55596 43960 -1 -1 -1 -1
-1 44255 44255 71059 55596 55596 44255 44255 71059 55596 55596 55596 55596 55596 55596 44255 71059 55596 -1 -1
-1 71241 44547 44547 71241 44547 55596 44547 44547 55596 55596 44547 55596 71241 55596 55596 55596 -1 -1 -1
-1 44836 55596 55596 44836 55596 55596 55596 55596 55596 71422 44836 55596 44836 55596 44836 71422 -1 -1 -1
-1 45121 45121 45121 55596 45121 55596 55596 71601 55596 71601 71601 45121 45121 45121 71601 -1 -1 -1 -1
71779 45402 45402 45402 71779 71779 45402 45402 45402 55596 55596 71779 55596 71779 -1 -1 -1 -1 -1 -1
-1 71955 45681 45681 55596 55596 55596 45681 55596 45681 71955 55596 55596 55596 55596 -1 -1 -1 -1 -1
-1 55596 45955 55596 55596 45955 45955 45955 45955 45955 45955 45955 45955 72130 55596 -1 -1 -1 -1 -1
-1 46227 55596 55596 72303 46227 46227 72303 55596 55596 55596 55596 55596 46227 46227 -1 -1 -1 -1 -1
-1 46494 55596 46494 72475 55596 55596 55596 55596 55596 55596 46494 46494 55596 72475 -1 -1 -1 -1 -1
-1 72645 55596 55596 55596 72645 46759 72645 72645 46759 55596 72645 55596 55596 -1 -1 -1 -1 -1 -1
72813 47019 -1 72813 72813 55596 -1 47019 47019 55596 72813 -1 72813 -1 -1 -1 -1 -1 -1 -1
-1 72979 -1 -1 -1 -1 -1 -1 47276 47276 47276 -1 47276 -1 -1 -1 -1 -1 -1 -1
-1 -1 -1 -1 -1 -1 -1 -1 -1 73143 47530 -1 -1 -1 -1 -1 -1 -1 -1 -1
